-0.0237912282372482
-0.03159898214821266
0.027975672461475205
-0.006405850672499741
-0.021603588767932044
0.02525196779452317
-0.006021006802047622
-0.01713859597410457
0.004927945803079614
-0.017015150671138353
-0.009312667162798906
0.00046325459200623946
-0.018376737237789775
0.0027541305917029284
-0.020976827540359986
-0.01410607327052191
0.021160241750394295
-0.043333300483204315
-0.0010613648060272703
0.04656277843866609
-0.04759368507185347
-0.013224019767855207
0.04278107085177478
-0.09129875621870738
-0.023510068579073964
0.015514867496308454
-0.08512897805302069
-0.011581341950703844
0.03731302791930548
-0.07011809560326682
-0.005479711688754932
0.07024617861463578
-0.07742829529993075
-0.0021579118110348692
0.08905500775239483
-0.0461467232719041
-0.003444731595044689
0.0980592812022663
-0.05624324085745552
0.005429015632899494
0.11465680331311541
-0.024893527453071145
0.011398735460245514
0.12682763926086796
0.010498533938436777
0.022166013699460453
0.11062734762589375
0.038143523181683514
0.03457254954715132
0.12638032529674678
0.06781761534410607
0.04208015561346297
0.13806770421167977
0.08376982855078659
0.06599171492830813
0.1297882069131321
0.12277844664872997
0.06842169033734624
0.1244192409773804
0.12462331720600815
0.06156968928588749
0.08795861806373505
0.09195165570747968
0.03698965716519093
0.10688214422999649
0.06308115163666307
0.02464401038426962
0.11377743091766908
0.04873151300321246
0.024032643765512562
0.08883735415320812
0.044770560715164144
0.008980845976767444
0.09114401759181717
0.014809595399452119
0.0038715439942832394
0.06711674734001402
0.0002004105543734513
-0.002819733956727538
0.052725337071795116
-0.034433336795955435
-0.011239822953253202
0.02348128199904986
-0.0581029064565165
-0.016662788611854547
0.0008324327242631759
-0.059134675204093885
-0.03633112998852683
-0.01350386868793802
-0.09560101938900631
-0.04588898694231522
-0.057446555487463885
-0.09394165203684561
-0.06778589286127464
-0.056832763268260936
-0.14239536097074285
-0.09600463224753165
-0.11954830714274774
-0.16436554503886916
-0.08793107099157262
-0.12605369305677766
-0.1448092814165075
-0.09070428382693105
-0.08950638944338725
-0.17021515117514252
-0.0593348807242212
-0.07262486758959748
-0.11753493184251956
-0.03622005046204054
-0.023703444422684718
-0.09049078816047383
-0.015195344387998926
-0.02890281422991405
-0.04575602705792382
-0.0045939965230273735
-0.005182544492482287
-0.027495941828430202
0.0010598937174487544
0.010538674633987331
-0.006054892590583805
0.005177999690270281
0.03376793124563279
0.020055929977619836
0.006238848350470205
0.05297379377184744
0.01526150906606242
0.018548270422925898
0.058429106574871846
0.03501047344178054
0.015471175940288708
0.0637311139544477
0.03182254073731978
0.023714608061255964
0.07759487664610105
0.04329419003853349
0.021038581421064136
0.11178667951294159
0.04186712444878848
0.00046940028870305053
0.11226665521463167
0.029190880664099382
0.008781011335539482
0.10224785904260658
0.032564503752020836
0.01527039095661569
0.07003222739636826
0.0298062189072631
0.04144426764080238
0.05764688480270158
0.046785954047315226
0.04130981903495933
0.02882357219298966
0.048537301610567685
0.06046032957349584
0.023681342585378254
0.06407977473404024
0.05391393895105408
0.04105413722700847
0.05657271874891042
0.03541708675259917
0.025790913900351757
0.04298513680843719
0.04440507845301026
0.005756075585087891
0.05438974304027144
0.04731738399881759
0.008769679505091426
0.056903496363545254
0.0401103930310346
0.008130629394879187
0.04120874466203923
0.033387240151519844
-0.002575991291387269
0.044226751014502255
0.02643199352954895
-0.005291484181511594
0.051765543520466764
0.02419279303584605
-0.006686581043567127
0.04452185326308663
0.01825265646859555
-0.009805452114391988
0.03813776542619237
0.012953435710327489
-0.00994542953387237
0.046516320435212116
0.005963839513522737
-0.013183966792411937
0.04375195417429755
0.005323848215008195
-0.01387813357535257
0.03631053573333368
0.0014596486913116007
-0.016117340824906984
0.03725044570904933
0.0005175037155810926
-0.02000233108668811
0.04180422404247711
0.0013521088447765483
-0.005681027168118593
0.03261921622766344
0.0021216603403752
0.00043993326280503077
0.037379781707285946
0.00475966180429445
0.007300959597062507
0.033214796551865176
0.005054555854866623
0.0057449395473030285
0.035049773891382974
0.004013488475142777
0.001546920976291567
0.029264289165541947
0.002687139728816935
-0.004708719660018551
0.029407566738148636
0.0011180916651094366
-0.011831292773912979
0.03541163113576438
0.001746474330092537
-0.011692018198985804
0.034987938629678896
0.001482586462499329
-0.008787936726991062
0.032840179872947586
-0.0015545475991198877
-0.008315825372805547
0.014284953507338861
-0.002136186589498557
-0.004978465244028156
0.012806468796260533
-0.0006663679933307731
0.00876643529609321
0.013882937263236994
0.004125358486131179
0.024281538933190547
-0.0014071211929525564
0.00837493067217345
0.03755764026942267
0.0037141801666607157
0.018452842577907826
0.049636752271620246
-0.005317004558662278
-0.004829160771923009
0.06391247294011314
-0.004005406774341344
0.0012277764298781037
0.05594372921894587
0.014885620507072766
0.004790263269976739
0.033444104961946775
0.017108390154261667
0.004848099245305442
0.033665532639095434
0.017232228513175084
0.011595804794115025
0.01901701609921583
0.02711417146267024
0.0028547374337959987
0.01644379501372056
0.016300707980409848
0.003153475487246594
0.0006273892331648519
0.028922464216857863
0.00514411121533971
-0.01431939039073903
0.02899708170547442
0.006757210039602451
-0.0019856869919846493
0.027693699557977184
-0.003198973022358172
-0.014004455058578408
0.04785677313435332
-0.002691299138370431
-0.020591644986987803
0.052174285539669296
-0.004627385082028833
-0.02133333588401085
0.047306580961474325
-0.008913400900925813
-0.02445218690475463
0.040086187145561836
-0.004567378735107223
-0.025128906368271635
0.03091620424767835
-0.0024037274003904253
-0.02045549540353271
0.027250613841852553
-0.005906561270662024
-0.027386338313933098
0.021086505710962357
-0.007979153862305672
-0.03194173997013346
0.028549864515373734
-0.004316684416766553
-0.02562074537170579
0.03285591885234136
-0.004133477841231779
-0.023716541202249315
0.02766154201341759
-0.007869682351541377
-0.03342866594926221
0.026396985497666798
-0.006990270170051499
-0.034862308580462804
0.03630721778951796
-0.003615981953993801
-0.026333548663067276
0.03730614302398865
-0.004430635522475249
-0.02471497023677471
0.02825435138789458
-0.0030665253497559105
-0.022777951475726674
0.03273635667472373
29589194171814692e-21
-0.015816392494627428
0.03847266601543714
0.0005610827083586462
-0.010822481600704878
0.03179199125513463
0.003107279022514322
-0.0014043406558232937
0.027820141127182826
0.004674235132944029
0.005140489625935902
0.01934904083531353
0.006978476860165226
0.010965903225245714
0.02591407965291724
0.004535901439901885
0.0024111167874202527
0.029506335929443572
0.002608023889551116
-0.0013626022051575909
0.019224412529890742
0.005385325868892743
0.007713467874552533
0.015160501286172409
0.006454067516044641
0.00959501235515023
0.02326892149458982
0.00346899370168029
0.0006666472499694458
0.02208675691833228
0.0037625988561176796
0.0030785945872903323
0.011859844024737458
0.006650043846086736
0.011618865044463232
0.01488658625730073
0.005520964702411262
0.00731235916570081
0.021888961341152317
0.0031018512023095407
0.00017262023819917673
0.01587464544860116
0.004889890882833254
0.00683231559002996
0.00879460365864844
0.006439841724703698
0.011688806485960244
0.01553850715213833
0.004241223724191798
0.00424066881219144
0.018358841515099842
0.003398221181190721
0.002165593665255754
0.00995851428010137
0.0055985434459270705
0.00866622636523558
0.008014424845752637
0.004922080495345255
0.007917182728312698
0.013503636140651372
0.0035112317735450393
0.001980386669509956
0.01132049638569842
0.004449490720432453
0.004621991515220677
0.005994531561528792
0.005245969897798083
0.006169172680186235
0.006831867113321928
0.003274944740775271
0.002173701968837942
0.008828478400802652
0.004358222580765611
0.001825063754266104
0.0090514284884682
0.0034944172821487402
-0.00035157639324925557
0.009990651390842832
0.0014960180064083723
-0.005729186305455484
0.004279294908394092
0.001331731361829334
-0.012140864111042097
0.0082987613359979
-0.003494341066530267
-0.019434815465926417
0.0006668510779586224
-0.003533612905830606
-0.026712335054546923
0.007310266929099796
-0.0028882765381442427
-0.01997523640834141
0.007787379602591396
-0.003722474016612194
-0.02460362658317668
0.00823594498224675
-0.0040351259819104476
-0.02291030109139867
0.0129136182535091
-0.005082929857889789
-0.030326248310382862
0.018110946779955218
-0.0029359642045786306
-0.026089022891767105
0.01794241092768827
-0.0007726334543087381
-0.018110806875208503
0.02256227904188764
-0.0016739675626419245
-0.01850748787823652
0.03258807202820335
-0.0005138345043338338
-0.014057732555111108
0.038115880798882715
0.002257741313680604
-0.009959381795848187
0.04534318176968015
0.003572094242230941
-0.006553859368958537
0.046855290764510074
0.0027754062659588762
-0.006344797267877848
0.04151558267270804
0.004926606243048307
0.001920875886281566
0.040016784861312535
0.004282680595693211
0.0015317055158858316
0.037832152724236505
0.0023176104809416935
-0.0038580476972619
0.03264649353007821
0.00159657906423315
-0.007158005571318307
0.030489562318752127
0.0005627499569356256
-0.011944694264917448
0.02348789876878218
-0.0005196312252086293
-0.019450802506420877
0.026036257877185835
0.004685659834003639
-0.026551857621540866
0.02712459492061642
0.003725878429681094
-0.020648363360203637
0.028711820873876432
0.0008980763968006941
-0.02797839796226181
0.026656231791169178
0.001816585911253959
-0.02443741036095461
0.012208400605281397
0.0013503233372991425
-0.013450445686785249
0.014189381869568673
0.002405370321980725
-0.012412900943212611
0.00999998670525142
0.004934726903412961
-0.003041647629079815
0.011724531521739953
0.0009359988260045939
0.002899248583915933
0.006052672790477463
0.0015306926800056893
0.009739677150331381
0.00628016488774158
0.000641647765172452
0.022062061155380727
0.003505383608425059
-52010062343614576e-21
0.01978130990515744
-0.007927215548166541
-0.0002228482779033443
0.010646413410799973
-0.010610487652949682
-0.0007183635499254633
0.011445996966641057
-0.01660404823774558
-0.0021232807475391395
-0.001023864079947609
-0.01768989190473405
-0.0016856962812497865
-0.012401950545452465
-0.011352702391979674
-0.006108629508298899
-0.025479186391845904
-0.02069747021471824
-0.008998351227340171
-0.03943248979738724
-0.012635159517416754
-0.012561303530018147
-0.055858440310272164
-0.0153179992926827
-0.013930162331741467
-0.06872357477402241
-0.00512862841511107
-0.012224828440288533
-0.066871326661287
-0.012724798844498838
-0.015424549150637836
-0.061878501869454795
-0.005878061584454977
-0.01348935829650877
-0.04717357270751254
-0.007999559127063106
-0.01419169280650298
-0.050333115814005736
-0.006500544644243163
-0.0129234274234423
-0.048641631135367916
-0.01903150968828258
-0.01187688039210418
-0.04295042977237903
-0.018107607365931422
-0.009058323801138553
-0.03177331365072228
-0.011900541606360325
-0.008871859220719758
-0.02945169877417273
-0.019483459403345477
-0.006884362579678211
-0.022786744359973816
-0.02849509084459177
-0.009339200772531517
-0.02740713823828804
-0.041592800072006976
-0.0082808871631954
-0.02262393517647527
-0.042077120423546714
-0.00892122780995669
-0.030461531147379328
-0.030614051550012806
-0.012289102274191206
-0.042397318381584836
-0.03604527366433263
-0.013138918514319583
-0.040489534233549236
-0.048632570230537395
-0.011694960736679357
-0.03559227166267562
-0.04489488502070717
-0.010402388054211398
-0.036817601509421725
-0.030341579210319575
-0.0066279535493041645
-0.02175267479599268
-0.029367444313358238
-0.0033361436560156096
-0.01485217739115283
-0.016232053261707163
-0.001723874271789631
-0.0035973668340800653
-0.014435780676302237
0.0006560975535044379
0.0010733334714061844
-0.008629254926207723
0.0002830995315055596
0.0018945381410402553
-0.01909959169486808
-0.0028317187737262254
-0.008424710175677386
-0.01872229739115641
-0.0013918101299845971
-0.007517194523016388
-0.00670391911526852
-0.0008913381665378469
-0.0014560133204761909
-0.0110297117280181
-0.0030762749842499835
-0.010711757470006298
-0.01833952831050157
-0.004127384241564132
-0.01684833483245384
-0.008668223930191673
-0.0011011459021547517
-0.008124287768086765
-0.0031679690637243813
-0.002014592441278367
-0.008404794387859167
-0.011433889614048821
-0.004778182774594843
-0.018809481323686938
-0.009432470189120216
-0.003524722097719287
-0.017225456724980708
0.0017489750500024256
-0.0012624754843459588
-0.009709574497115528
0.0009679581819504295
-0.0038075239183667496
-0.016124134562825444
-0.004641302926773632
-0.005717355346117415
-0.02302545889167355
0.002936061146610552
-0.0028997094628897286
-0.01612249011546272
0.010650622519263547
-0.001995191548393436
-0.012451331816541553
0.00487373977187848
-0.005406723698267038
-0.02187899401797229
0.003628810445169427
-0.006077922149209879
-0.024280984839766765
0.014704702974611617
-0.009002650975324994
-0.03041126492885597
0.012613887581095426
-0.011498571943357573
-0.03502757799590509
0.0027210588560910532
-0.012283145156228099
-0.045525713022430636
-0.0026828879358755517
-0.011026171104080424
-0.0398362705296291
-0.01414581307708295
-0.012965725608146997
-0.04772511881916784
-0.026405607285041852
-0.013587508171767777
-0.05852223036094962
-0.018858530669909807
-0.016645782306845353
-0.06748840697394587
-0.03154340791178144
-0.016633262990678223
-0.06526047453029918
-0.03895960733478032
-0.01773864467974781
-0.0729431058148077
-0.033782637902280116
-0.01672192954415179
-0.06710349811278225
-0.029869769819341054
-0.01801151568907049
-0.07156278088776932
-0.04074573291123875
-0.017189097003210623
-0.06532382823565727
-0.049515221058161
-0.014590295428716104
-0.05324785192934225
-0.043551061441329884
-0.013960196301816295
-0.04885316264901419
-0.05006716607734022
-0.01565949056549733
-0.05122227370924055
-0.06142858612617159
-0.014143846534490691
-0.04716341510769185
-0.05781888938772115
-0.01160628774523058
-0.03597443331770267
-0.05411325502317069
-0.012628242675140474
-0.03425958704509139
-0.06577326337276569
-0.0133380778360518
-0.03517371235139596
-0.07267189593506049
-0.010733748915557435
-0.025264554626744446
-0.06551386319904942
-0.010923408975141932
-0.03228964971091015
-0.056800966660819026
-0.007745191525936111
-0.026748265268304018
-0.04178106370881855
-0.009704335898762668
-0.026340243967532963
-0.029090072601173845
-0.007663204369145444
-0.022101077302106267
-0.027234572696036564
-0.004676419860707589
-0.013068447785772807
-0.022850528906455017
-0.005084253816061833
-0.015283307326989685
-0.011995484569956947
-0.004375286376223938
-0.013729773147445548
-0.009488450484926579
-0.0014327546219468303
-0.006366795840465833
-0.0018406899084324965
8672836910102036e-20
-0.0007599056890816145
-0.008715560859103962
0.002506855086070534
0.007750010685515373
-0.013974867040556258
0.00201044754610206
0.009514129670714746
-0.024328526387032687
0.004841839074560648
0.01698438809570131
-0.019150838623889017
0.003258840821258795
0.009475030288969491
-0.012329035569588156
-3356955210976456e-20
0.001831183553370151
-0.02017663637662838
0.0014423673053370703
0.008738957140629678
-0.027520772239190753
0.002564229322471965
0.009673827337229284
-0.020011769630725856
-0.0008985215046307772
-0.001120784550355976
-0.01956842546032606
-0.0023454809055731734
-0.0015009011411760656
-0.03190878409734378
-0.00015661758420441085
0.006779123085933685
-0.03283393145204387
-0.000980026135847694
0.0004633523975169673
-0.025105574675097782
-0.004308459730706482
-0.008333322599475867
-0.033251073781563015
-0.003485700310804847
-0.003147700719002323
-0.0428500108458762
-0.006577398146269509
-0.008730692105988416
-0.05038868655217387
-0.004245953341849112
0.002129425016336031
-0.050256823156078496
-0.0022511959535105206
0.0032233214696696113
-0.03799764431159504
0.0009253976237537016
0.014208152957030458
-0.038584790569011894
0.0009017180223202325
0.01546223531518463
-0.04257527805770288
0.0007073292102130896
0.010276341126930223
-0.030548954409443968
0.005005731958767864
0.015558706545625963
-0.022495120448739275
0.00472546802348628
0.016698320656036013
-0.015586505737046072
0.006414789217623101
0.013121594328521375
-0.004295941256924186
0.009082546977140648
0.023532738345316814
-0.0019524294034577673
0.00860954442670645
0.024892305813726423
-0.009766502471367072
0.0064563190998558695
0.016742111219965657
-0.005612032100750668
0.008725791612017036
0.02141000459525598
0.004477921005913528
0.01111545127365623
0.031015364277209617
9153711145603426e-20
0.009281136592640446
0.026236378743006373
-0.005926322435004284
0.007797511617260801
0.019526983169215993
0.0026919860881199293
0.010796993413096
0.027746821803056553
0.01033410099191419
0.012467874572718541
0.03398779413810956
0.004284586052111305
0.009760592046892986
0.02550482612058433
0.0041657849702856665
0.009986651388631562
0.023373928816864748
0.015618021993591568
0.013153948894595929
0.03355413065419875
0.017531161108894758
0.01189167033088887
0.030401785956232556
0.013368296402140087
0.008700691142911342
0.019554988311672638
0.013885463487574292
0.00801602419107204
0.017843893131016964
0.011169715241706788
0.008882542470388534
0.02311291479022051
0.0015592088736949704
0.006543560547865048
0.0159399455751008
-0.0015352448575781917
0.00407999705102878
0.006392325625090326
0.003103318519275762
