0.02871685784974854
0.0015807344179003511
-0.04087676639290509
0.024421796538558586
0.007725662378525777
-0.04013075175031918
0.03135985904904456
0.005510422804818718
-0.05160470552688613
0.018457308093921855
0.024104360571056076
-0.06178627217490275
0.02145034212563166
0.01186741096055166
-0.04609488917399076
0.011267566821441434
0.01897800157366732
-0.05289278161545036
-0.015024671463242531
0.019124546681780544
-0.03094417065281915
0.0034851020557998304
0.010557242273080351
-0.025632366536210784
0.026751290210879367
0.00017918019221403573
-0.016679251319075633
0.007083548845692908
-0.008630285656665506
0.007886798519469655
-0.009703441825296285
-0.012749845039992692
0.02996184392622693
-0.0324754576012438
-0.010705087433700123
0.04204785278143607
-0.03200123441913865
-0.015685943517099694
0.06516144964329904
-0.045013613304777655
-0.014968153131415134
0.07895477365759013
-0.06568267558877908
-0.0018769980585913821
0.09004765706658795
-0.06861732016362712
-0.017529805598314505
0.11362096539372916
-0.0945943825516967
0.008830363319259226
0.13148184861138038
-0.11025708809195857
0.048337080509000374
0.13358427463191916
-0.1159228959027855
0.044813103149718446
0.17804256505462907
-0.13240656796647923
0.07176648066224059
0.1588956052424409
-0.10214684625825025
0.052408803885397266
0.0938673323299885
-0.11405522734150493
0.0641768379356863
0.07278462220337245
-0.09781749186922732
0.04508201119385599
0.07253185581802551
-0.06976419970444983
0.005989580583137886
0.07712742612439343
-0.051118654521220046
-0.005122022313949138
0.06325978183849415
-0.026164832235362586
-0.025134281386521483
0.07038897009774304
-0.009149332294937865
-0.02718705133058276
0.056935918874773304
0.01611059650861997
-0.03136487169322803
0.04492303244534738
0.0305270683742043
-0.021535174079010407
0.01796692019876716
0.0575454258818129
-0.02168994938075654
0.009363925499014316
0.07409926061239572
-0.003918132701740921
-0.017551887858726804
0.09480295872643443
0.0047229778393318
-0.02950265508270347
0.1332862916180947
0.007037058061754867
-0.030165430936382524
0.13300508896689975
-0.012930903611915033
-0.008306391310083159
0.13287922677209058
-0.03543261426579837
0.021036348530939827
0.10568921106446187
-0.042548318998268844
0.03147608229518249
0.07216743640592595
-0.04312072715643939
0.045616281531261585
0.052230333054594395
-0.03808423413467566
0.04161976994418773
0.02652275375791407
-0.038335938430291094
0.06504938793098991
0.010089434870532895
-0.03190614653322214
0.05036831912911077
-0.011233418773695044
-0.02678405311876062
0.050659271112240147
-0.028018927973886266
-0.01031984522831295
0.030380357177720634
-0.05671941309923851
0.012168594241184294
0.041673259386295805
-0.07499054518372987
0.04026111153280081
0.02319167743071838
-0.1027141070135375
0.06576962154123894
0.023503459452172207
-0.13566363113718408
0.08924935108955413
0.032246055185149676
-0.16154094135488045
0.09522865438981251
0.008459008243358499
-0.1716682265069367
0.09770957115417869
-0.009758130121863728
-0.14602173360804915
0.07543840443244317
-0.03209361576798486
-0.1319475673123951
0.06899949775821973
-0.024797904226984635
-0.11240542738858103
0.047635668160763846
-0.05053297813104058
-0.09106692783701216
0.043599932219390465
-0.03615385392632452
-0.08896588884075128
0.05015359680008271
-0.006122825689319846
-0.07949381453016366
0.041536498266898786
-0.02888770283028962
-0.05334426894360768
0.023273591735535015
-0.03993562792415407
-0.04366675247052992
0.0222007655716826
-0.011970697340587182
-0.037586248855164435
0.020195951041241597
-0.005985039752426096
-0.02529805689491808
0.014167501080077426
-0.028961313596042773
-0.008123625756681185
0.008756109585259884
-0.02197155324292661
-0.001584251267236173
0.009241359919152333
-0.0010303307740141012
-0.004457345294510946
0.004993909645916629
-0.011180197748852332
0.0038690840824100944
0.002567455391868122
-0.022544203577908924
0.01101232444858426
0.0016814956264325413
-0.013207823290889946
0.01324517170229499
0.0011152158959361418
-0.0007695540512132502
0.018192486543339888
-0.0010396035749357755
-0.011093145126914606
0.015590384604516259
0.003907518451270101
-0.01463649690890253
0.01931575064603265
-0.0011431818696852473
-0.002607844643941134
0.017493121502354176
0.005254045572945384
0.00011269178300075008
0.01227159048780152
-0.005180643099887374
0.003755102412119274
0.0120788793568146
-0.003550676736881555
0.006662876829450863
0.010337534512025045
-0.005341647987964779
0.004577116690849244
0.010868918839136958
-0.00539136593005775
0.005115083501684094
0.01422625968783882
-0.008369827585510857
0.007151269935605751
0.02142046478991874
-0.00526152543705026
0.009891735100725324
0.01736837064987466
-0.010051321652318267
0.008813121440128163
0.02983151341610421
-0.010355408389257418
-0.0009762500691381409
0.015399726791631752
0.0016920828683594
-0.02033331292305881
-0.009347236361180254
0.017070601388958044
-0.027362465152899557
-0.021002341133498238
0.027757559931938656
-0.03690942383369879
-0.04406692087213777
0.04289826418265812
-0.06561336663133659
-0.06986417024964753
0.048393548348891445
-0.05298530579987065
-0.12507140568003228
0.0600209113577078
-0.05969685216284728
-0.10393874001690634
0.05355692257580605
-0.03576447676544856
-0.06368734708489197
0.038454833128417354
-0.0375000086159261
-0.0492336564822464
0.028631229565427272
-0.005810501920707634
-0.026832137835691657
0.01602524349637016
0.007155202977258894
-0.0052843978245315955
-0.0034684353977968737
0.010953347816229418
0.004206173458192491
-0.020468941388988162
0.031415015235345706
0.01488859610967748
-0.02738636279576374
0.044005438980304054
0.005828093483141741
-0.03628569107534786
0.06008573759139642
0.012458239665039755
-0.020863617147307115
0.021688666268631553
0.015472889730900807
-0.018989690424361612
0.01095572957923912
0.021596451081781626
-0.015799503951434857
0.0004554170689656942
0.02962349766425145
-0.02435994959462981
0.0036851279874189407
0.025783997968039048
-0.02210212552663754
-0.0018245037772596938
0.01927857025354506
-0.017234403489537652
-0.011814276226793935
0.026188382946307306
-0.020742378516577533
-0.016908499390329308
0.0326204172636365
-0.026657566361684527
-0.0183202218854762
0.023951282515642235
-0.019723933060928754
-0.019028373319549242
0.020807103255757308
-0.01615087779635894
-0.032302619187597484
0.030047354523494513
-0.02107421827732561
-0.037008457155171856
0.03052918675683696
-0.021224702904600917
-0.03833664164676247
0.020555303043321864
-0.01696013177288459
-0.04214175898893875
0.01961967046303586
-0.01618160157429247
-0.046975942212759386
0.01692724803507451
-0.016265654682863576
-0.05414299739838463
0.011367777590926982
-0.013434230546342837
-0.04885792478626275
0.009679599521739128
-0.01377596767958203
-0.044614166740990724
0.0024086880106788363
-0.0117501781103142
-0.046509430504369634
-0.0035005220089932352
-0.007569238534061096
-0.0446149519138265
-0.0077079627362562275
-0.004319945317909887
-0.037046108621235994
0.00044273187219565714
-0.006616636853201722
-0.0319950048997076
0.002895208401491302
-0.007397863564177433
-0.03127403470376776
-0.005063874119660216
-0.002904025320965281
-0.028333529149987127
-0.005026177985896771
-0.0013771312738967232
-0.02023910702728688
0.0025475125445011786
-0.005104003648522673
-0.016712889623721295
-0.0006262568140383011
-0.003926047386306754
-0.014510443171363914
-0.0071172339878130915
-0.0007426070766334191
-0.010124859679373875
-0.000865200585910371
-0.0027200540752430067
-0.0024235849048491326
0.0032594131419522877
-0.005779032513954655
-0.0018976619210277872
-0.0025705791974073326
-0.0025418511248072777
-0.000731851397548324
-0.0056467535936989815
-0.0015444357314960799
0.0026399816467694574
0.0010841690346029293
-0.0021376491865653137
0.005847669873032106
0.001313169029172149
-0.001682841098392947
0.00783740221379137
-0.0036466469754683224
0.0003522636496317225
0.009478235406998487
-0.0034178261051888443
0.0004627235686440976
0.009386913392390684
0.0009792012644628575
-0.0011471170981585067
0.011153133441178404
-0.0007206872140733393
-0.0025818813648342417
0.01516714281333703
-0.00590782045520015
-0.01043814507106125
0.011554951834161975
-0.0039855054432575135
-0.008820994275674716
0.011439067801058437
-0.0009029373912876693
-0.006752709374147359
0.01788367189865191
0.0039778493085429805
-0.003720120656801766
0.014134919431589978
0.008531003667243438
0.0004887563012417653
0.016591234024131863
0.011150513109073012
0.0019773684193270594
0.012008113083066846
0.013681137090236413
0.0031593271865123207
0.01315045387858777
0.015955076486446503
0.002567504841607522
0.0084607943433063
0.014148850409385915
-0.005616475445338146
0.006934931131786239
0.018029415049397073
-0.0074966353961501
-0.00394811644269273
0.020837841836718225
-0.014244664716567766
-0.0066453785432891
0.024601600443837683
-0.015498039084190748
-0.004814607856770544
0.021722568587678775
-0.0077981250508801355
0.005312023698869236
0.016125838165235072
-0.012031997743241398
28632744237098916e-21
0.01676017421399357
-0.012634319276478387
0.003323446302499615
0.016328556887663635
-0.012084549803682381
0.0030269715230497843
0.013688451708575364
-0.009445137164391158
0.008393988414440957
0.011960350848140252
-0.013574706416864724
0.0062943803987498825
0.009768936174066609
-0.01350494655912101
-0.0046423869229614625
0.008339324034260498
-0.003913086031159946
-0.004649948078327831
0.01003208001477085
-0.006053375857137799
0.003825672817520615
0.011205035561315569
-0.0109045358100968
0.0015217254671168925
0.01226542578243592
-0.00813452015762006
0.005031808431498073
0.012215952808890748
-0.008506826282385962
0.0045395593891595495
0.016736171026621265
-0.009084836740190748
0.0068443718960793255
0.01226120560218243
0.00018824558290910315
0.0068653623310743145
0.011279443170534115
0.00777700478711237
0.008013355717174198
0.0012949550657968287
0.016230662213872853
0.00639880252808738
0.018620507356756213
0.007007017598098041
0.012112390766048276
0.012798379143625844
0.004241122757450603
0.013073495364752363
0.011653663425022354
0.0031803393451331325
0.01757142271225781
0.007080367080797557
-0.0026700097719820647
0.01834383174053285
0.007459687278714202
-0.007280488654799517
0.025814982014578623
0.00404300164004794
-0.009966755044017114
0.033286301729553915
-0.0029988111247131726
-0.01971686928053356
0.037941946127559585
-0.004249187723538341
-0.015637963892941396
0.052875086496092995
0.0014372923946516672
-0.010735624268862197
0.0480972819284823
-0.000738945069061496
-0.013137931722372084
0.04352813293089806
0.009272943296248823
-0.002628185709222567
0.04089638869412004
0.0180267105081346
0.002274274189818277
0.03795175348204971
0.029481954498737587
0.007410487329673103
0.045112799087794406
0.0400924098822892
0.007165109600326745
0.038532707536965034
0.04970383740055799
0.008775494598112546
0.04191897849982015
0.055961718531529606
0.004879500595645258
0.03730771426554549
0.05688772507419947
0.004264696309701128
0.02565499307580775
0.05641597059841854
0.004804775527209095
0.018438984218789818
0.04511325725163029
0.008492325908125082
0.012800923841016346
0.0423414666333185
-0.0006286893957611454
0.003817873431067069
0.03906280107011555
-0.0006513206928939961
0.0035659821633763963
0.03462553168816107
-0.003888193515936566
-0.005455929201994887
0.025743097459602494
-0.003785851024139755
-0.0021870077307021463
0.022131805420057236
0.0013236384928414185
0.006784056622372243
0.018759503570524083
-755751251515094e-19
0.010666344719830715
0.02090244963887924
0.0002911515642460953
0.013195620502522437
0.018402659142841116
0.0011252898001062848
0.023299076900595947
0.025962942862555315
0.0010933843884932098
0.022380483391139676
0.033720670970046614
0.0009557944320880571
0.01918478902476045
0.03179233086511296
0.0019535798398145248
0.025931187451328472
0.029670303818943207
0.004575104837962557
0.03536000527753349
0.03241917029426008
0.00424544571145479
0.03289503453086544
0.021290768007184074
0.0029413530562931406
0.034321442253150494
0.016221147492873247
0.0006234997475857766
0.02612435248738292
0.006228076255904275
-0.00022573521491431653
0.0251287191019583
0.0002512212257570079
-0.0003786600087595512
0.019019095135714113
9354057630114628e-20
-0.0001954587568277199
0.01645182330059698
0.00854037679341916
0.0003427678915070133
0.015355207407423082
0.007298007598422971
0.000438901914157389
0.010753107885349705
0.0008565619019649965
-0.00043588151497886386
0.005515139765955497
0.006806893140532803
-0.0018497319290227366
0.001893936640865625
0.012071109923417674
-0.0023884128241272447
-9475057071531446e-20
0.0062139855361151505
-0.002994120498007122
-0.0036982294307883485
0.004157852235636222
-0.004032699466387672
-0.010659370342603862
0.01357326217433225
-0.007228153195163833
-0.013126990032492734
0.013669506204353797
-0.007158133079723948
-0.012560521676959069
0.005863619924752724
-0.006426489762657652
-0.019017172803793288
0.010856979671941786
-0.010399776701850882
-0.02718562363367347
0.019340650942477035
-0.013588628016970689
-0.025942531952677796
0.013461915672087857
-0.012243347135987534
-0.028544085110479647
0.007604728127392274
-0.011081845244994025
-0.038333159115443334
0.01703350750134848
-0.015357715729182384
-0.043378765061023034
0.020969453773531172
-0.01685354847665911
-0.04080260217265853
0.029141704373464243
-0.020304897680548713
-0.03308337224232545
0.034898235693096955
-0.022488441352093033
-0.03651850951090531
0.04048606743737051
-0.020163633016182056
-0.028192202810169566
0.03130707824399465
-0.015377399953493832
-0.02385618578732978
0.037277110374050855
-0.01721078336646551
-0.02679589730495982
0.05235451125725289
-0.02441463151970674
-0.03500390682860953
0.054726134220018645
-0.023626527226367714
-0.03349477664763826
0.049259190663307674
-0.013953455374312859
-0.019098822403861408
0.05858919951545317
-0.007081068604775346
-0.014018210914300111
0.05553242553766875
-0.0037536859147608748
-0.004445835575826655
0.056860205440424964
-0.0013921609406037597
0.0024001744453067933
0.048654580016301796
-0.0034147663160242897
-0.0030956804510745084
0.0394501184258435
-0.003553975052023153
-0.00428353998188303
0.0350438651844791
-0.0012591376391780948
0.005262043233342017
0.034640362196334366
-0.0019359073861992678
0.0017832938202593756
0.029870503787550153
-0.004661544225074069
-0.00781936924382797
0.022829618596449438
-0.0029843915843212982
-0.002666805332231736
0.020053751819799993
-0.0010926246854071747
0.004509975396077482
0.017568888981165317
-0.00402575171861905
-0.0029913194809681487
0.010734856625776397
-0.00593760990914543
-0.007632607509106856
0.01676875407646095
-0.008257430530183709
-0.016118091302192716
0.01495900803766833
-0.0099906691194063
-0.021230559323954436
0.017398481721800158
-0.011463079626755033
-0.028555240870157327
0.01223173113583563
-0.013290914043677963
-0.042301689786416984
0.004066652134044104
-0.011311735922910505
-0.04584037501478662
0.007195514582029315
-0.01272725786797341
-0.04879180553655352
0.004755346351666887
-0.014483150781786754
-0.05927834860647166
-0.0008992800006781073
-0.011780574514906455
-0.05638439460952295
-0.006266792519817321
-0.008534090732656633
-0.0497446065838221
-0.015952356248389248
-0.005373170033253929
-0.05223406678553298
-0.018267267558259997
-0.0036487205942544727
-0.04806690030685096
-0.024498478581106903
-347677115090469e-19
-0.04027469302658624
-0.015311414029045328
-0.0026731230680259984
-0.03521917920092047
-0.008278228323284146
-0.005113362426855258
-0.03565833715761043
-0.01549322183979504
-0.003514059348928079
-0.028591592871624497
-0.014081501795732851
-0.0023201856312005916
-0.019816082808843206
-0.0029874025808663443
-0.003156075464973922
-0.01954235486596889
-0.0032457887780259504
-0.0029234828501297377
-0.017267062791574604
-0.010410408732729096
-0.0019353907064628294
-0.008466617022229532
-0.0029714785727745665
-0.0017564471192341015
-0.004132913744943588
0.004069877068326047
-0.00242092467852661
-0.004393839691607317
-0.0014851220049316805
-0.0014445823592904132
0.0014064062724138226
0.0037143884093270682
0.0005799734622720641
0.010098106102118002
-0.0038805954885279955
-3739355566988468e-21
0.015251543404009778
-0.003119301373431651
0.0002733273470642958
0.017576261340615264
-0.012994515284173771
0.002564340467083421
0.01963185176196634
-0.01596337365046924
0.00027974537596058084
0.010650498647776264
-0.01100881860288795
-0.0007550828041395145
0.0050001772626339525
-0.01545214673815497
-0.0009525317104345067
0.002641367647304317
-0.013339974632234826
0.001322428050721625
0.0077027558207097375
-0.008619876817966896
-0.0006332254684038317
0.005983330349146648
-0.01875742047798278
0.0011851911435272016
0.006795039193973258
-0.020923427144804843
0.0012241685292687858
-778859366624044e-19
-0.013790824477447132
4748860975332307e-20
-0.005968078801483942
-0.016486693278938196
0.0013313506441596165
-0.004333927832874221
-0.025952298430593566
0.0051280572040850285
-0.008807457809668897
-0.022659718038225512
0.003544747871745511
-0.016428716537492342
-0.016955608211031266
0.0020649227085075875
-0.01998740345040223
-0.02355678525405271
0.004675695352430946
-0.018243587106079418
-0.029953525845724124
0.0072060155489787016
-0.025788625750639182
-0.0234285051337878
0.0037018172845371374
-0.03270145427805237
-0.020343154097839527
0.0026292367744126318
-0.030411327333857135
-0.029286943539306245
0.005921002453251288
-0.033624452575973754
-0.02791713513608275
0.0034363641372310446
-0.044085057983716314
-0.018354833218697915
-0.001609995971897771
-0.044813185679334115
-0.01901421935040887
-0.00476460123801008
-0.05506338309857995
-0.02603823726357703
-0.001318390040044466
-0.05448192270837151
-0.01982891812455216
-0.002653937725621681
-0.04868675899282955
-0.010930089832953816
-0.007503473479470024
-0.05112835418379273
